"pos","call_count","call_ratio","run_count","not_run_count"
"1","1","1.0","7","14"
