"pos","call_count","call_ratio","run_count","not_run_count"
"1","39","1.0","2","0"
